Accuracy: 0.9925
Precision: 0.9931818181818182
Recall: 0.9732739420935412
F1: 0.983127109111361
AUC: 0.9996941408589041
